{
  "asset": {
    "version": "2.0",
    "generator": "THREE.GLTFExporter r180"
  },
  "scenes": [
    {
      "name": "Scene",
      "nodes": [
        0
      ]
    }
  ],
  "scene": 0,
  "nodes": [
    {
      "name": "Untitled.glb",
      "children": [
        1
      ]
    },
    {
      "name": "aegoncat",
      "extras": {
        "name": "aegoncat"
      },
      "children": [
        2,
        3,
        177
      ]
    },
    {
      "name": "Mesh_0019rip_Tex_0048_0png_0",
      "extras": {
        "name": "Mesh_0019.rip_Tex_0048_0.png_0"
      },
      "mesh": 0,
      "skin": 0
    },
    {
      "matrix": [
        0.9999999999998661,
        4.6337707250360125e-7,
        2.3043441484723375e-7,
        0,
        5.0130588286243296e-14,
        -0.445274058148839,
        0.8953944322355134,
        0,
        5.175110861287028e-7,
        -0.895393471581329,
        -0.44527358042151366,
        0,
        -5.922373052039132e-13,
        1.033294439315796,
        -0.4907160699367523,
        1
      ],
      "name": "spine",
      "extras": {
        "name": "spine"
      },
      "children": [
        4,
        8,
        142,
        159,
        176
      ]
    },
    {
      "matrix": [
        0.9999999999998004,
        9.844542278281811e-8,
        6.242032200792888e-7,
        0,
        -3.5093997427944046e-7,
        -0.7349410427079742,
        0.6781310190635884,
        0,
        5.255111338347736e-7,
        -0.6781306552858238,
        -0.7349406484546712,
        0,
        4.939825675245868e-14,
        1.7881393432617188e-7,
        -2.9802322387695312e-8,
        1
      ],
      "name": "tail001",
      "extras": {
        "name": "tail.001"
      },
      "children": [
        5
      ]
    },
    {
      "matrix": [
        0.9999999999999901,
        9.881689431046245e-10,
        1.4082127515214065e-7,
        0,
        -3.2151925928125e-8,
        0.9751662002144019,
        0.2214743485332204,
        0,
        -1.371052941080226e-7,
        -0.22147434853322273,
        0.9751662002143923,
        0,
        -6.73516689468634e-14,
        0.3275151252746582,
        1.043081283569336e-7,
        1
      ],
      "name": "tail002",
      "extras": {
        "name": "tail.002"
      },
      "children": [
        6
      ]
    },
    {
      "matrix": [
        0.9999999999999986,
        6.929611681152968e-9,
        -5.422024456402974e-8,
        0,
        -5.233034091907358e-10,
        0.993099883605482,
        0.11727157156227196,
        0,
        5.465876500778898e-8,
        -0.11727157156227176,
        0.9930998836054805,
        0,
        -2.2067959438987206e-14,
        0.34515005350112915,
        -1.043081283569336e-7,
        1
      ],
      "name": "tail003",
      "extras": {
        "name": "tail.003"
      },
      "children": [
        7
      ]
    },
    {
      "matrix": [
        0.9999999999999994,
        -2.335571890978104e-8,
        -2.5596914038984473e-8,
        0,
        1.5709864596793748e-8,
        0.9640105702593076,
        -0.26586392722538427,
        0,
        3.088513646965986e-8,
        0.2658639113786588,
        0.9640105127997998,
        0,
        2.044837823372836e-14,
        0.3375456929206848,
        6.705522537231445e-8,
        1
      ],
      "name": "tail004",
      "extras": {
        "name": "tail.004"
      }
    },
    {
      "matrix": [
        0.9999999999997002,
        9.863084196655434e-8,
        7.679394917760201e-7,
        0,
        1.8964345038688517e-7,
        0.9304368243411918,
        -0.366452343589163,
        0,
        -7.506626857261526e-7,
        0.36645234358919876,
        0.9304368243408943,
        0,
        4.453098046558468e-13,
        0.26674407720565796,
        -7.525086402893066e-7,
        1
      ],
      "name": "spine001",
      "extras": {
        "name": "spine.001"
      },
      "children": [
        9
      ]
    },
    {
      "matrix": [
        0.9999999999993973,
        -3.968138043913943e-7,
        -0.0000010237356198194275,
        0,
        -1.252734951703336e-7,
        0.8850803477764788,
        -0.46543813987409083,
        0,
        0.0000010907806214723667,
        0.46543816761621515,
        0.8850804005307985,
        0,
        1.0344752398444568e-13,
        0.19342869520187378,
        4.409812390804291e-7,
        1
      ],
      "name": "spine002",
      "extras": {
        "name": "spine.002"
      },
      "children": [
        10,
        141
      ]
    },
    {
      "matrix": [
        0.9999999999998599,
        -6.494747346558198e-8,
        5.253428860487391e-7,
        0,
        1.6598178139145465e-7,
        0.9808655682099271,
        -0.1946862471902782,
        0,
        -5.026463672182465e-7,
        0.19468624719033809,
        0.9808655682098005,
        0,
        3.391369216704243e-13,
        0.2459442913532257,
        -3.0547380447387695e-7,
        1
      ],
      "name": "spine003",
      "extras": {
        "name": "spine.003"
      },
      "children": [
        11,
        106,
        107,
        124
      ]
    },
    {
      "matrix": [
        0.9999999999999765,
        -2.1605575410566794e-7,
        -1.9843057856512116e-8,
        0,
        1.739925195045301e-7,
        0.8532143544738994,
        -0.5215604308698766,
        0,
        1.2961649964785775e-7,
        0.5215603997824366,
        0.8532143036183784,
        0,
        -1.64521228671749e-13,
        0.4176437556743622,
        1.1920928955078125e-7,
        1
      ],
      "name": "spine004",
      "extras": {
        "name": "spine.004"
      },
      "children": [
        12
      ]
    },
    {
      "matrix": [
        0.9999999999999296,
        3.513667344616575e-7,
        -1.3184967256462447e-7,
        0,
        -2.2414533431728744e-7,
        0.8409661807451306,
        0.5410874601592396,
        0,
        3.010012879823239e-7,
        -0.5410875246618313,
        0.840966280996143,
        0,
        2.648591795103433e-13,
        0.12997104227542877,
        1.3783574104309082e-7,
        1
      ],
      "name": "spine005",
      "extras": {
        "name": "spine.005"
      },
      "children": [
        13
      ]
    },
    {
      "matrix": [
        0.9999999999999848,
        -3.209562091215948e-8,
        1.716631650044127e-7,
        0,
        4.353081414790766e-8,
        0.9977507660897091,
        -0.06703467201653683,
        0,
        -1.691255148476316e-7,
        0.0670346640253886,
        0.9977506471485494,
        0,
        3.799752938508927e-13,
        0.04821199178695679,
        -8.046627044677734e-7,
        1
      ],
      "name": "spine006",
      "extras": {
        "name": "spine.006"
      },
      "children": [
        14
      ]
    },
    {
      "matrix": [
        0.9999999999998891,
        -1.0785119407747137e-8,
        4.707934544096031e-7,
        0,
        3.846569713039807e-7,
        0.5954407138614324,
        -0.8033991823616754,
        0,
        -2.7166482052111934e-7,
        0.8033991344754415,
        0.5954406783703361,
        0,
        3.385638124020485e-14,
        -5.960464477539063e-8,
        -8.940696716308594e-8,
        1
      ],
      "name": "face",
      "extras": {
        "name": "face"
      },
      "children": [
        15,
        20,
        22,
        24,
        27,
        32,
        37,
        39,
        41,
        45,
        53,
        57,
        65,
        78,
        91,
        92,
        93,
        97,
        101,
        102,
        103
      ]
    },
    {
      "matrix": [
        0.9999983798481593,
        0.00003055262393094032,
        -0.0017998243220242998,
        0,
        1.0120577546168766e-10,
        -0.999855889339864,
        -0.01697283419560319,
        0,
        -0.001800083838471782,
        0.016972809731826966,
        -0.9998544482093906,
        0,
        -3.565310713327108e-9,
        0.009377014823257923,
        0.2777758538722992,
        1
      ],
      "name": "nose",
      "extras": {
        "name": "nose"
      },
      "children": [
        16
      ]
    },
    {
      "matrix": [
        0.999620769778786,
        -0.01316197812297859,
        -0.02418840615730855,
        0,
        -0.0009122795689957115,
        0.8620685343318701,
        -0.5067907880960937,
        0,
        0.027522434602147205,
        0.5066206945066583,
        0.8617296558484655,
        0,
        -6.96791602194935e-9,
        0.07710955291986465,
        5.030374694570128e-8,
        1
      ],
      "name": "nose001",
      "extras": {
        "name": "nose.001"
      },
      "children": [
        17
      ]
    },
    {
      "matrix": [
        0.9996694126023823,
        0.00023129931910503831,
        0.025710154882953307,
        0,
        -0.017219830512336668,
        0.7485882816880522,
        0.6628116951067987,
        0,
        -0.019093011059111153,
        -0.6630352233639439,
        0.7483447015541416,
        0,
        -1.665535442896271e-8,
        0.06582412123680115,
        8.344194384335424e-7,
        1
      ],
      "name": "nose002",
      "extras": {
        "name": "nose.002"
      },
      "children": [
        18
      ]
    },
    {
      "matrix": [
        0.9999999967842401,
        -0.00007512192796573091,
        0.000028075179015939786,
        0,
        0.00007954436252152609,
        0.9736629099435873,
        -0.22799239134291668,
        0,
        -0.000010208530955185593,
        0.22799236566415898,
        0.973662796718383,
        0,
        5.388908208558973e-10,
        0.02663378417491913,
        -2.9802912138165993e-8,
        1
      ],
      "name": "nose003",
      "extras": {
        "name": "nose.003"
      },
      "children": [
        19
      ]
    },
    {
      "matrix": [
        0.9999999996659517,
        0.00002564674349335845,
        0.00000321578459310073,
        0,
        -0.000025819892063550962,
        0.9969238070400113,
        0.07837679900707964,
        0,
        -0.0000011957825970757266,
        -0.07837679439230795,
        0.9969237479478972,
        0,
        -4.775457806971417e-11,
        0.016673296689987183,
        7.450522332419496e-8,
        1
      ],
      "name": "nose004",
      "extras": {
        "name": "nose.004"
      }
    },
    {
      "matrix": [
        0.33433828785596675,
        0.032286255411596465,
        0.9419001829342343,
        0,
        0.9331856723006788,
        -0.1511525873706429,
        -0.32606377328274194,
        0,
        0.1318432478390008,
        0.987983020335772,
        -0.08066512322881891,
        0,
        -4.530602737418121e-8,
        -0.19222567975521088,
        0.2951163947582245,
        1
      ],
      "name": "lipTL",
      "extras": {
        "name": "lip.T.L"
      },
      "children": [
        21
      ]
    },
    {
      "matrix": [
        0.9158135341774066,
        0.40109659834452793,
        0.020173682804437862,
        0,
        -0.3817664952523382,
        0.8538856789260231,
        0.3537421148831106,
        0,
        0.12465873387654522,
        -0.3316634535528099,
        0.9351252968623844,
        0,
        -1.341104507446289e-7,
        0.07926960289478302,
        3.287568688392639e-7,
        1
      ],
      "name": "lipTL001",
      "extras": {
        "name": "lip.T.L.001"
      }
    },
    {
      "matrix": [
        0.40524183984712436,
        -0.015101470638815862,
        0.9140847177487869,
        0,
        0.9141889118957446,
        4.854524558727627e-8,
        -0.4052880262273652,
        0,
        0.006120406527296792,
        0.9998859013058548,
        0.013805621599166751,
        0,
        7.879199159788186e-8,
        -0.21879301965236664,
        0.29053589701652527,
        1
      ],
      "name": "lipBL",
      "extras": {
        "name": "lip.B.L"
      },
      "children": [
        23
      ]
    },
    {
      "matrix": [
        0.940103309923023,
        0.27243132029247885,
        -0.2049068851672228,
        0,
        -0.21008194267550406,
        0.9363943532902317,
        0.2811248857908706,
        0,
        0.26846088556755854,
        -0.22123921651770173,
        0.9375403835340732,
        0,
        -5.140900611877441e-7,
        0.05812325328588486,
        -6.484624464064837e-7,
        1
      ],
      "name": "lipBL001",
      "extras": {
        "name": "lip.B.L.001"
      }
    },
    {
      "matrix": [
        0.9999999999924272,
        0.000003845530217457438,
        5.98020213630774e-7,
        0,
        -1.3272025741546851e-8,
        -0.15029291218670382,
        0.9886416032126155,
        0,
        0.0000038917290094021145,
        -0.9886416032051366,
        -0.15029291218551477,
        0,
        -1.1678280564808574e-9,
        -0.2240024358034134,
        0.0870298370718956,
        1
      ],
      "name": "jaw",
      "extras": {
        "name": "jaw"
      },
      "children": [
        25
      ]
    },
    {
      "matrix": [
        0.9999999999997303,
        4.5009896157160714e-7,
        5.803087577072798e-7,
        0,
        -5.241983793134553e-7,
        0.9908775630070524,
        0.13476518518702393,
        0,
        -5.143572577545225e-7,
        -0.13476518518729177,
        0.9908775630070212,
        0,
        9.9103884820817e-14,
        0.13171395659446716,
        -3.725290298461914e-8,
        1
      ],
      "name": "chin",
      "extras": {
        "name": "chin"
      },
      "children": [
        26
      ]
    },
    {
      "matrix": [
        0.9999999999948316,
        -6.925316654989521e-7,
        0.000003139636622328406,
        0,
        0.000003208451692215898,
        0.27775715957213953,
        -0.9606513422795937,
        0,
        -2.0677515977847883e-7,
        0.9606513422847021,
        0.2777571595729259,
        0,
        -9.714012363590263e-14,
        0.05354216694831848,
        -2.9802322387695312e-8,
        1
      ],
      "name": "chin001",
      "extras": {
        "name": "chin.001"
      }
    },
    {
      "matrix": [
        0.027659667713230363,
        -0.4802204219729944,
        0.8767117115851519,
        0,
        -0.7113392162618856,
        0.606734242325311,
        0.3547821473440039,
        0,
        -0.7023045770597136,
        -0.633452483092249,
        -0.3248175152002233,
        0,
        0.18805822730064392,
        0.11304338276386261,
        0.13708819448947906,
        1
      ],
      "name": "earL",
      "extras": {
        "name": "ear.L"
      },
      "children": [
        28
      ]
    },
    {
      "matrix": [
        0.655661144936025,
        -0.7217356179800726,
        0.22182513746000013,
        0,
        -0.21763320096842723,
        -0.4619628498428543,
        -0.859782717598928,
        0,
        0.7230106216885659,
        0.5154494796189883,
        -0.4599646103689512,
        0,
        -1.955777406692505e-8,
        0.07469784468412399,
        -5.960464477539063e-8,
        1
      ],
      "name": "earL001",
      "extras": {
        "name": "ear.L.001"
      },
      "children": [
        29
      ]
    },
    {
      "matrix": [
        0.7354255013140215,
        0.21573209605419308,
        -0.6423464990482526,
        0,
        -0.11122692432579585,
        0.9735401763072924,
        0.19961929017839727,
        0,
        0.6684144501750758,
        -0.07535890266872011,
        0.7399615320751447,
        0,
        1.9371509552001953e-7,
        0.0607294999063015,
        -2.314336597919464e-7,
        1
      ],
      "name": "earL002",
      "extras": {
        "name": "ear.L.002"
      },
      "children": [
        30
      ]
    },
    {
      "matrix": [
        -0.19855036239500626,
        -0.4813126506051829,
        -0.8537655424845658,
        0,
        0.8048828437322775,
        -0.5771236604730672,
        0.13817274926215647,
        0,
        -0.5592326477058652,
        -0.6597470376110879,
        0.501988480513239,
        0,
        4.6193599700927734e-7,
        0.08891341090202332,
        6.817281246185303e-7,
        1
      ],
      "name": "earL003",
      "extras": {
        "name": "ear.L.003"
      },
      "children": [
        31
      ]
    },
    {
      "matrix": [
        -0.8022171857474902,
        -0.006017612372224125,
        0.5970021397861889,
        0,
        0.5749074692335298,
        0.2619102798578622,
        0.7751676334212863,
        0,
        -0.16102559115614667,
        0.9650734699010286,
        -0.20664926168780084,
        0,
        -4.470348358154297e-8,
        0.10344423353672028,
        1.4156103134155273e-7,
        1
      ],
      "name": "earL004",
      "extras": {
        "name": "ear.L.004"
      }
    },
    {
      "matrix": [
        0.027657455179500356,
        0.4802173573673354,
        -0.8767133941218832,
        0,
        0.7113359886483952,
        0.6067390472018537,
        0.3547799996847818,
        0,
        0.7023077232985944,
        -0.6334500602036868,
        -0.32481501173647076,
        0,
        -0.18805831670761108,
        0.11304338276386261,
        0.13708831369876862,
        1
      ],
      "name": "earR",
      "extras": {
        "name": "ear.R"
      },
      "children": [
        33
      ]
    },
    {
      "matrix": [
        0.6556575047727639,
        0.7217392577236338,
        -0.22182399944314363,
        0,
        0.21763010269497815,
        -0.461956407264336,
        -0.8597866258389455,
        0,
        -0.7230148228436164,
        0.5154499579631491,
        -0.4599573579926144,
        0,
        -2.849847078323364e-7,
        0.07469799369573593,
        0,
        1
      ],
      "name": "earR001",
      "extras": {
        "name": "ear.R.001"
      },
      "children": [
        34
      ]
    },
    {
      "matrix": [
        0.7354257596134897,
        -0.21572611481128678,
        0.6423481757189116,
        0,
        0.1112235872552674,
        0.9735416481123875,
        0.19961395979859967,
        0,
        -0.6684146863209532,
        -0.07535698022910996,
        0.7399614835119408,
        0,
        -2.3096799850463867e-7,
        0.06072942912578583,
        -4.498288035392761e-7,
        1
      ],
      "name": "earR002",
      "extras": {
        "name": "ear.R.002"
      },
      "children": [
        35
      ]
    },
    {
      "matrix": [
        -0.19855268743158785,
        0.4813148277899701,
        0.8537641829892231,
        0,
        -0.8048845615105675,
        -0.577122226939255,
        0.13817107635614587,
        0,
        0.5592298379782044,
        -0.6597471761769036,
        0.501991757405218,
        0,
        -7.301568984985352e-7,
        0.08891327679157257,
        6.668269634246826e-7,
        1
      ],
      "name": "earR003",
      "extras": {
        "name": "ear.R.003"
      },
      "children": [
        36
      ]
    },
    {
      "matrix": [
        -0.8022161029268275,
        0.006019975195368232,
        -0.5970035722088998,
        0,
        -0.5749078207190967,
        0.2619127956131708,
        0.7751662016240057,
        0,
        0.16102938740062278,
        0.9650728021214539,
        -0.20664981071794175,
        0,
        1.7881393432617188e-7,
        0.10344401001930237,
        1.4156103134155273e-7,
        1
      ],
      "name": "earR004",
      "extras": {
        "name": "ear.R.004"
      }
    },
    {
      "matrix": [
        0.334340982017039,
        -0.03228481196102137,
        -0.9418991441981853,
        0,
        -0.9331867458542485,
        -0.15113690269719207,
        -0.3260679447122974,
        0,
        -0.13182867724118807,
        0.9879854580911385,
        -0.08065897815450285,
        0,
        1.6142153924647573e-7,
        -0.19222567975521088,
        0.2951163351535797,
        1
      ],
      "name": "lipTR",
      "extras": {
        "name": "lip.T.R"
      },
      "children": [
        38
      ]
    },
    {
      "matrix": [
        0.9158150548742013,
        -0.4010934222471818,
        -0.02017059254919573,
        0,
        0.3817643552133674,
        0.8538924237834169,
        0.35372829582837895,
        0,
        -0.1246545757774804,
        -0.33165011203250216,
        0.9351307077763055,
        0,
        -1.862645149230957e-7,
        0.07926970720291138,
        -9.98377799987793e-7,
        1
      ],
      "name": "lipTR001",
      "extras": {
        "name": "lip.T.R.001"
      }
    },
    {
      "matrix": [
        0.40524183984712436,
        0.015101470638815862,
        -0.9140847177487869,
        0,
        -0.9141889118957446,
        4.854524558727627e-8,
        -0.4052880262273652,
        0,
        -0.006120406527296792,
        0.9998859013058548,
        0.013805621599166751,
        0,
        -8.659001338173766e-8,
        -0.21879301965236664,
        0.29053589701652527,
        1
      ],
      "name": "lipBR",
      "extras": {
        "name": "lip.B.R"
      },
      "children": [
        40
      ]
    },
    {
      "matrix": [
        0.940103309923023,
        -0.27243132029247885,
        0.2049068851672228,
        0,
        0.21008194267550406,
        0.9363943532902317,
        0.2811248857908706,
        0,
        -0.26846088556755854,
        -0.22123921651770173,
        0.9375403835340732,
        0,
        5.140900611877441e-7,
        0.05812325328588486,
        -6.484624464064837e-7,
        1
      ],
      "name": "lipBR001",
      "extras": {
        "name": "lip.B.R.001"
      }
    },
    {
      "matrix": [
        0.48177280340355644,
        0.8036750387358138,
        -0.3492870053661967,
        0,
        -0.6969668027961307,
        0.593030885352483,
        0.40317695357525096,
        0,
        0.531161233341475,
        0.049201750040712255,
        0.845840963883679,
        0,
        0.23442178964614868,
        -0.03646470978856087,
        0.20023402571678162,
        1
      ],
      "name": "browBL",
      "extras": {
        "name": "brow.B.L"
      },
      "children": [
        42
      ]
    },
    {
      "matrix": [
        0.17083891861794043,
        -0.06431365685953777,
        -0.983197644349856,
        0,
        -0.5330825325712009,
        0.8331723820595109,
        -0.1471277085602506,
        0,
        0.8286354470297724,
        0.5492606219020318,
        0.10805377988594192,
        0,
        -3.0547380447387695e-7,
        0.08520738035440445,
        2.1606683731079102e-7,
        1
      ],
      "name": "browBL001",
      "extras": {
        "name": "brow.B.L.001"
      },
      "children": [
        43
      ]
    },
    {
      "matrix": [
        0.8093447342197737,
        -0.3185282435039358,
        -0.49345805904462203,
        0,
        0.09287977782780565,
        0.8990060517849687,
        -0.4279736720941507,
        0,
        0.579943484157246,
        0.3005459619182922,
        0.7571906469480254,
        0,
        0,
        0.05347829312086105,
        0.0000013886019587516785,
        1
      ],
      "name": "browBL002",
      "extras": {
        "name": "brow.B.L.002"
      },
      "children": [
        44
      ]
    },
    {
      "matrix": [
        0.6107829220124387,
        -0.6321095688354514,
        -0.47684582371357415,
        0,
        0.4537134192347159,
        0.7729586548197084,
        -0.4434853790187522,
        0,
        0.6489133065498329,
        0.05452192655244481,
        0.7589063653980257,
        0,
        2.6030465960502625e-7,
        0.06486384570598602,
        2.2351741790771484e-8,
        1
      ],
      "name": "browBL003",
      "extras": {
        "name": "brow.B.L.003"
      }
    },
    {
      "matrix": [
        0.07048606609692411,
        0.840966381141017,
        -0.5364766389281614,
        0,
        -0.7675838737658586,
        0.3892015507301714,
        0.5092513519990941,
        0,
        0.6370608799976165,
        0.3758957165499517,
        0.6729455708996864,
        0,
        0.2073330283164978,
        -0.02552558295428753,
        0.21757467091083527,
        1
      ],
      "name": "lidTL",
      "extras": {
        "name": "lid.T.L"
      },
      "children": [
        46
      ]
    },
    {
      "matrix": [
        0.4126623125414373,
        -0.22014082111995145,
        -0.8838824114121712,
        0,
        -0.1895567823565213,
        0.9283583860397975,
        -0.31971733942668973,
        0,
        0.8909422738529904,
        0.29948113189408,
        0.34136925133173035,
        0,
        -4.7497451305389404e-8,
        0.04818546772003174,
        -3.5762786865234375e-7,
        1
      ],
      "name": "lidTL001",
      "extras": {
        "name": "lid.T.L.001"
      },
      "children": [
        47
      ]
    },
    {
      "matrix": [
        0.8700215406012375,
        -0.4351634033235121,
        -0.2317225432351604,
        0,
        0.3158467744189033,
        0.8528654630759624,
        -0.41576594796278865,
        0,
        0.3785542757976019,
        0.28853651554720106,
        0.8794562779352928,
        0,
        -2.7567148208618164e-7,
        0.05099337548017502,
        5.881302058696747e-7,
        1
      ],
      "name": "lidTL002",
      "extras": {
        "name": "lid.T.L.002"
      },
      "children": [
        48
      ]
    },
    {
      "matrix": [
        0.7088707763439785,
        -0.6439724797947051,
        -0.2877528053812952,
        0,
        0.3222857807036129,
        0.6586064799467753,
        -0.6799776683418192,
        0,
        0.6274026873213856,
        0.38927761835584107,
        0.6744099748530488,
        0,
        1.969747245311737e-7,
        0.05550846457481384,
        -1.0244548320770264e-7,
        1
      ],
      "name": "lidTL003",
      "extras": {
        "name": "lid.T.L.003"
      },
      "children": [
        49
      ]
    },
    {
      "matrix": [
        -0.6362205024760921,
        -0.2579304023609084,
        -0.7271143402683308,
        0,
        0.7653509905412664,
        -0.0921827370977869,
        -0.636977180426083,
        0,
        0.09726841974349047,
        -0.9617556198480256,
        0.256055777244731,
        0,
        -3.129243850708008e-7,
        0.06102985143661499,
        -2.849847078323364e-7,
        1
      ],
      "name": "lidBL",
      "extras": {
        "name": "lid.B.L"
      },
      "children": [
        50
      ]
    },
    {
      "matrix": [
        0.9810561814729336,
        0.11962709556471826,
        -0.15237456505159272,
        0,
        -0.10906906952316138,
        0.9911329487734875,
        0.07588846109503442,
        0,
        0.160101796695169,
        -0.057831502402066824,
        0.9854048980942217,
        0,
        7.683411240577698e-8,
        0.028586678206920624,
        -7.37607479095459e-7,
        1
      ],
      "name": "lidBL001",
      "extras": {
        "name": "lid.B.L.001"
      },
      "children": [
        51
      ]
    },
    {
      "matrix": [
        0.957102225348642,
        0.251775718200511,
        -0.14340223986754141,
        0,
        -0.16583162507056837,
        0.8818280431587813,
        0.44145109046588576,
        0,
        0.23760280623518915,
        -0.3987332439420519,
        0.885752062581985,
        0,
        -3.3527612686157227e-8,
        0.03791743516921997,
        -1.1175870895385742e-8,
        1
      ],
      "name": "lidBL002",
      "extras": {
        "name": "lid.B.L.002"
      },
      "children": [
        52
      ]
    },
    {
      "matrix": [
        0.8509026887038038,
        0.4950736801343547,
        -0.17568917277060958,
        0,
        -0.3116256771522506,
        0.7449368776722441,
        0.5898799880859633,
        0,
        0.4229114091077628,
        -0.44718124658742253,
        0.78814649712425,
        0,
        -4.3958425521850586e-7,
        0.062449753284454346,
        6.258487701416016e-7,
        1
      ],
      "name": "lidBL003",
      "extras": {
        "name": "lid.B.L.003"
      }
    },
    {
      "matrix": [
        0.48177117595871244,
        -0.8036768891009893,
        0.3492849774474532,
        0,
        0.6969676898548329,
        0.5930284690485055,
        0.40317893220742484,
        0,
        -0.5311615672060208,
        0.049200307834651014,
        0.8458408572207357,
        0,
        -0.23442195355892181,
        -0.03646470978856087,
        0.20023418962955475,
        1
      ],
      "name": "browBR",
      "extras": {
        "name": "brow.B.R"
      },
      "children": [
        54
      ]
    },
    {
      "matrix": [
        0.17083861885529217,
        0.06431254428967392,
        0.9831979414593537,
        0,
        0.5330799413347318,
        0.8331745888179278,
        -0.14712628961196825,
        0,
        -0.8286375198733662,
        0.5492578562771495,
        0.10805464769901318,
        0,
        -3.7997961044311523e-7,
        0.0852079689502716,
        -1.043081283569336e-7,
        1
      ],
      "name": "browBR001",
      "extras": {
        "name": "brow.B.R.001"
      },
      "children": [
        55
      ]
    },
    {
      "matrix": [
        0.8093446999894466,
        0.3185252577019164,
        0.49345992679175493,
        0,
        -0.09288187351583375,
        0.8990095529994854,
        -0.4279654477746404,
        0,
        -0.579943130619613,
        0.30053815666954087,
        0.7571940199619784,
        0,
        2.0489096641540527e-7,
        0.053477972745895386,
        6.025657057762146e-7,
        1
      ],
      "name": "browBR002",
      "extras": {
        "name": "brow.B.R.002"
      },
      "children": [
        56
      ]
    },
    {
      "matrix": [
        0.6107802095946635,
        0.6321154141177834,
        0.4768413556076716,
        0,
        -0.4537157052766867,
        0.7729534792147166,
        -0.4434918272802637,
        0,
        -0.648914157474271,
        0.054525635800026166,
        0.7589053146472623,
        0,
        -1.448206603527069e-7,
        0.06486392766237259,
        -4.675239324569702e-7,
        1
      ],
      "name": "browBR003",
      "extras": {
        "name": "brow.B.R.003"
      }
    },
    {
      "matrix": [
        0.07048614530406336,
        -0.8409661808331247,
        0.5364767461898209,
        0,
        0.7675838498605211,
        0.38920169700485174,
        0.509251217242261,
        0,
        -0.6370608278033147,
        0.3758958211637457,
        0.672945537969577,
        0,
        -0.2073330581188202,
        -0.025525463744997978,
        0.21757467091083527,
        1
      ],
      "name": "lidTR",
      "extras": {
        "name": "lid.T.R"
      },
      "children": [
        58
      ]
    },
    {
      "matrix": [
        0.4126628425328614,
        0.22014019232172924,
        0.8838819922386989,
        0,
        0.18955677304883095,
        0.9283582178337433,
        -0.31971690419466614,
        0,
        -0.8909419170304633,
        0.29948119497654613,
        0.3413699783036083,
        0,
        4.7497451305389404e-8,
        0.04818540811538696,
        -2.5331974029541016e-7,
        1
      ],
      "name": "lidTR001",
      "extras": {
        "name": "lid.T.R.001"
      },
      "children": [
        59
      ]
    },
    {
      "matrix": [
        0.8700231951633945,
        0.4351590201517386,
        0.2317246076538968,
        0,
        -0.31584172105813724,
        0.8528671574517352,
        -0.4157660529954906,
        0,
        -0.37855464057500415,
        0.288537824059061,
        0.8794555671333323,
        0,
        -2.3096799850463867e-7,
        0.050993502140045166,
        5.681067705154419e-8,
        1
      ],
      "name": "lidTR002",
      "extras": {
        "name": "lid.T.R.002"
      },
      "children": [
        60
      ]
    },
    {
      "matrix": [
        0.708871563468433,
        0.6439712062215257,
        0.2877537951418354,
        0,
        -0.3222880248624769,
        0.6586097161649374,
        -0.6799733338721197,
        0,
        -0.627400624136316,
        0.3892741620506147,
        0.6744138383782381,
        0,
        -8.349306881427765e-7,
        0.0555085688829422,
        -3.7066638469696045e-7,
        1
      ],
      "name": "lidTR003",
      "extras": {
        "name": "lid.T.R.003"
      },
      "children": [
        61
      ]
    },
    {
      "matrix": [
        -0.6362252767903032,
        0.25793037462309587,
        0.727110413910122,
        0,
        -0.7653477204835587,
        -0.09218805099130388,
        -0.6369809295089621,
        0,
        -0.09726581401356695,
        -0.9617554383843543,
        0.2560587335459211,
        0,
        8.940696716308594e-8,
        0.06103019043803215,
        -4.917383193969727e-7,
        1
      ],
      "name": "lidBR",
      "extras": {
        "name": "lid.B.R"
      },
      "children": [
        62
      ]
    },
    {
      "matrix": [
        0.981057218533694,
        -0.1196182644268895,
        0.15237522684488686,
        0,
        0.10905788037959838,
        0.9911332470518331,
        0.0759022294548493,
        0,
        -0.16010343574826913,
        -0.05784670977171046,
        0.9854036804513518,
        0,
        -4.9639493227005e-7,
        0.02858666330575943,
        -3.129243850708008e-7,
        1
      ],
      "name": "lidBR001",
      "extras": {
        "name": "lid.B.R.001"
      },
      "children": [
        63
      ]
    },
    {
      "matrix": [
        0.9571014213699456,
        -0.2517799086054139,
        0.14340024960963144,
        0,
        0.16583982583082735,
        0.8818330952601768,
        0.4414380536257819,
        0,
        -0.23760031441993268,
        -0.39871951812590056,
        0.8857588429125022,
        0,
        3.8370490074157715e-7,
        0.037917278707027435,
        -4.284083843231201e-7,
        1
      ],
      "name": "lidBR002",
      "extras": {
        "name": "lid.B.R.002"
      },
      "children": [
        64
      ]
    },
    {
      "matrix": [
        0.8509052475096581,
        -0.4950678900464176,
        0.17569303198166253,
        0,
        0.3116148324562305,
        0.7449357997026175,
        0.5898873490969073,
        0,
        -0.42291426623672024,
        -0.44718963154699765,
        0.7881401863066255,
        0,
        2.868473529815674e-7,
        0.06244976818561554,
        5.923211574554443e-7,
        1
      ],
      "name": "lidBR003",
      "extras": {
        "name": "lid.B.R.003"
      }
    },
    {
      "matrix": [
        -0.021454662118385013,
        0.3845815119641488,
        0.9228417492313971,
        0,
        -0.038985360234656465,
        -0.9226739405199791,
        0.38360524866291607,
        0,
        0.9990102115773574,
        -0.02774719573384242,
        0.03478882637313718,
        0,
        0.05365656316280365,
        0.11669015884399414,
        0.24211324751377106,
        1
      ],
      "name": "foreheadL",
      "extras": {
        "name": "forehead.L"
      },
      "children": [
        66
      ]
    },
    {
      "matrix": [
        0.9206468696428671,
        -0.23565548939139092,
        0.3112488139074161,
        0,
        0.3384735405663868,
        0.8791022277194585,
        -0.33558147149413653,
        0,
        -0.1945378810221139,
        0.41430147365159786,
        0.8891057601710226,
        0,
        -0.04320141300559044,
        -0.00956086628139019,
        0.09464646130800247,
        1
      ],
      "name": "foreheadL001",
      "extras": {
        "name": "forehead.L.001"
      },
      "children": [
        67
      ]
    },
    {
      "matrix": [
        0.7213218240424304,
        -0.23669685149009023,
        0.6508989743478866,
        0,
        -0.04872745078727453,
        0.9201184498725662,
        0.3885969227067893,
        0,
        -0.690883861129481,
        -0.31202011405780183,
        0.6521679223601224,
        0,
        -0.024839788675308228,
        -0.03413751721382141,
        0.06398816406726837,
        1
      ],
      "name": "foreheadL002",
      "extras": {
        "name": "forehead.L.002"
      },
      "children": [
        68
      ]
    },
    {
      "matrix": [
        0.8912740344571011,
        -0.060395027388097766,
        0.44942521790319256,
        0,
        -0.19262974253802678,
        0.8467991620935502,
        0.4958073695750166,
        0,
        -0.41051714693900027,
        -0.5284728370650263,
        0.7430961386373414,
        0,
        -0.0591609925031662,
        -0.005849302746355534,
        0.06629101186990738,
        1
      ],
      "name": "templeL",
      "extras": {
        "name": "temple.L"
      },
      "children": [
        69
      ]
    },
    {
      "matrix": [
        0.8458406495359139,
        0.4732912423089756,
        0.24606711232196843,
        0,
        -0.4758606499643308,
        0.8779291370135317,
        -0.052887565119898894,
        0,
        -0.24106070942476365,
        -0.07235919210724673,
        0.9678088073488939,
        0,
        4.0978193283081055e-8,
        0.12942923605442047,
        1.1175870895385742e-7,
        1
      ],
      "name": "jawL",
      "extras": {
        "name": "jaw.L"
      },
      "children": [
        70
      ]
    },
    {
      "matrix": [
        0.7157486771202131,
        0.6646009953366219,
        0.21449737162524823,
        0,
        -0.2955637420538756,
        0.5665624693341744,
        -0.7691871962089731,
        0,
        -0.632728840565548,
        0.4871471657128126,
        0.6019483956081757,
        0,
        -7.450580596923828e-8,
        0.11637385189533234,
        1.862645149230957e-7,
        1
      ],
      "name": "jawL001",
      "extras": {
        "name": "jaw.L.001"
      },
      "children": [
        71
      ]
    },
    {
      "matrix": [
        0.6657911423623901,
        0.05742263826741223,
        -0.7439254310537315,
        0,
        -0.6740082307767334,
        -0.38139067392356907,
        -0.6326563942470536,
        0,
        -0.32005496163369607,
        0.9226287713577044,
        -0.21522318586546918,
        0,
        -1.0058283805847168e-7,
        0.07981640100479126,
        -1.9371509552001953e-7,
        1
      ],
      "name": "chinL",
      "extras": {
        "name": "chin.L"
      },
      "children": [
        72
      ]
    },
    {
      "matrix": [
        0.4187300998333877,
        0.027704032916935538,
        0.9076880238028586,
        0,
        0.3293995302969293,
        0.9268263987379389,
        -0.18024513582388324,
        0,
        -0.846262894884347,
        0.37446612639175775,
        0.37896448057255394,
        0,
        5.21540641784668e-8,
        0.05426818132400513,
        5.21540641784668e-8,
        1
      ],
      "name": "cheekBL",
      "extras": {
        "name": "cheek.B.L"
      },
      "children": [
        73
      ]
    },
    {
      "matrix": [
        0.4488460150813225,
        0.6788345181686708,
        -0.5811377267626376,
        0,
        -0.5049584279192033,
        0.7292174212345478,
        0.4617999881216244,
        0,
        0.737261424048608,
        0.08617324562092321,
        0.6700894176645686,
        0,
        1.2665987014770508e-7,
        0.10812710225582123,
        3.8743019104003906e-7,
        1
      ],
      "name": "cheekBL001",
      "extras": {
        "name": "cheek.B.L.001"
      },
      "children": [
        74
      ]
    },
    {
      "matrix": [
        0.778482849802641,
        0.6200803355013385,
        0.0972874755637676,
        0,
        -0.34420687551502677,
        0.2921408713068819,
        0.8922867529447401,
        0,
        0.5248677892133047,
        -0.7281169607179696,
        0.44086255382473927,
        0,
        5.960464477539063e-8,
